1 0.015946 0.556358 0.027523 0.024458
1 0.066732 0.538452 0.033421 0.037560
1 0.134229 0.474250 0.043906 0.024458
1 0.128331 0.513994 0.038663 0.030572
1 0.255133 0.442804 0.019659 0.034940
1 0.256116 0.505696 0.026868 0.038434
1 0.270424 0.644145 0.028834 0.032319
1 0.329074 0.657247 0.046527 0.044548
1 0.423111 0.566404 0.027523 0.041054
1 0.472259 0.617503 0.031455 0.034940
1 0.469637 0.385590 0.020970 0.028825
1 0.563674 0.357201 0.029489 0.026205
1 0.640782 0.340605 0.019004 0.017470
1 0.738751 0.313381 0.020970 0.039307
1 0.783967 0.277568 0.020970 0.020090
1 0.803298 0.333908 0.025557 0.031446
1 0.832460 0.435670 0.015727 0.035813
1 0.850153 0.542674 0.019659 0.040181
1 0.755789 0.531755 0.032765 0.042801
1 0.610965 0.575866 0.028834 0.029699
1 0.564111 0.669330 0.020315 0.034940
1 0.568043 0.801665 0.021625 0.028825
1 0.656182 0.835731 0.022280 0.021837
1 0.672564 0.913036 0.031455 0.033193
1 0.591962 0.969376 0.032765 0.044548
1 0.465706 0.991021 0.024902 0.017958
1 0.438183 0.835295 0.022280 0.027952
1 0.398209 0.856259 0.031455 0.031446
1 0.312800 0.879406 0.038008 0.051536
1 0.261577 0.729165 0.032110 0.041054
1 0.216033 0.753186 0.052425 0.055904
1 0.167868 0.742267 0.028178 0.030572
1 0.129205 0.750129 0.021625 0.023584
1 0.043360 0.775023 0.057012 0.036687
1 0.042704 0.821756 0.049148 0.030572