1 0.382603 0.728543 0.051648 0.094208
1 0.387360 0.658340 0.039416 0.040763
1 0.429494 0.647922 0.028542 0.048916
1 0.477744 0.668757 0.024465 0.043481
1 0.492695 0.732619 0.021747 0.040763
1 0.524975 0.656075 0.022426 0.041669
1 0.537207 0.721296 0.021067 0.041669
1 0.604598 0.626484 0.027183 0.043481
1 0.615472 0.691252 0.023106 0.037140
1 0.658965 0.679929 0.016310 0.052539
1 0.648771 0.609726 0.023106 0.055257
1 0.685695 0.549185 0.035338 0.047104
1 0.725110 0.522009 0.024465 0.061598
1 0.754332 0.583154 0.058444 0.086056
1 0.587836 0.377074 0.021747 0.032611
1 0.600408 0.444107 0.025144 0.041669
1 0.516593 0.361222 0.021067 0.062503
1 0.545475 0.519745 0.023106 0.038951
1 0.526447 0.557338 0.020387 0.030799
1 0.444784 0.559602 0.033299 0.046198
1 0.405029 0.563678 0.025824 0.050727
1 0.337071 0.589495 0.027183 0.057068
1 0.313059 0.440936 0.047571 0.046198
1 0.377619 0.404249 0.013592 0.054351
1 0.414656 0.397003 0.029222 0.057974
1 0.319175 0.219758 0.013592 0.038046
1 0.392796 0.130683 0.017669 0.047104
1 0.434591 0.181864 0.030581 0.051633
1 0.275909 0.223080 0.032620 0.054351
1 0.063314 0.144271 0.023785 0.043481
1 0.106128 0.130683 0.021067 0.032611
1 0.164911 0.113019 0.039416 0.049822
1 0.250538 0.086750 0.017669 0.031705
1 0.190055 0.322723 0.021747 0.034422
1 0.159814 0.332234 0.023785 0.028081
1 0.093216 0.406967 0.053687 0.025364
1 0.083362 0.363486 0.061162 0.025364
1 0.264130 0.322270 0.040775 0.073374
1 0.223355 0.334952 0.023106 0.067939
1 0.505720 0.218702 0.030581 0.040763
1 0.540831 0.120870 0.016989 0.051633
1 0.661457 0.081919 0.020387 0.060692
1 0.733832 0.073766 0.015630 0.035328
1 0.727036 0.403947 0.019708 0.034422
1 0.256031 0.021015 0.037717 0.042030
1 0.154604 0.061054 0.036697 0.029893