0 0.261106 0.283619 0.058729 0.073350
0 0.139976 0.330073 0.040377 0.068460
0 0.271200 0.449878 0.045882 0.053790
0 0.191364 0.349633 0.040377 0.112469
0 0.181270 0.581907 0.064235 0.053790
0 0.393247 0.545232 0.069741 0.058680
0 0.609812 0.539120 0.132141 0.178484
0 0.738283 0.531785 0.044047 0.061125
0 0.725436 0.612469 0.051388 0.041565
0 0.869506 0.583130 0.056894 0.056235
0 0.853906 0.665037 0.055059 0.044010
0 0.918142 0.685819 0.051388 0.061125
0 0.726353 0.710269 0.042212 0.075795
0 0.520800 0.656479 0.053224 0.056235
0 0.509788 0.773839 0.045882 0.051345
0 0.622659 0.704156 0.047718 0.078240
0 0.597882 0.814181 0.075247 0.068460
1 0.327176 0.293399 0.022024 0.024450
1 0.238164 0.372861 0.020188 0.046455
1 0.300564 0.389976 0.067906 0.051345
1 0.402423 0.320293 0.047718 0.048900
1 0.485929 0.323961 0.038541 0.031785
1 0.555671 0.354523 0.060565 0.039120
1 0.510706 0.221271 0.025694 0.124694
1 0.562094 0.234719 0.036706 0.053790
1 0.553835 0.279951 0.020188 0.051345
1 0.444635 0.486553 0.088094 0.068460
1 0.688730 0.524450 0.029365 0.100244
1 0.734612 0.435208 0.036706 0.039120
1 0.779577 0.431540 0.016518 0.046455
1 0.784165 0.371638 0.018353 0.034230
1 0.416188 0.602689 0.053224 0.026895
1 0.312494 0.562347 0.066071 0.063570
1 0.257435 0.553790 0.055059 0.051345
1 0.208800 0.506112 0.056894 0.044010
1 0.444635 0.749389 0.066071 0.036675
1 0.653859 0.713936 0.040377 0.048900
1 0.769483 0.750611 0.025694 0.058680
1 0.955765 0.608802 0.034871 0.029340
1 0.913553 0.607579 0.031200 0.046455
1 0.843812 0.723716 0.082588 0.044010
1 0.841977 0.776284 0.071577 0.041565
1 0.929153 0.784841 0.033035 0.078240
1 0.833718 0.861858 0.055059 0.031785
1 0.906212 0.880196 0.031200 0.068460