1 0.141896 0.689697 0.040367 0.044059
1 0.202446 0.688473 0.036697 0.061192
1 0.324465 0.712950 0.042202 0.041611
1 0.385015 0.704383 0.027523 0.044059
1 0.468501 0.156098 0.040367 0.044059
1 0.618043 0.159770 0.042202 0.022029
1 0.726300 0.058190 0.045872 0.034268
1 0.900612 0.102249 0.042202 0.053849
1 0.097859 0.241768 0.025688 0.048954
1 0.221713 0.220962 0.060550 0.012238
1 0.174006 0.152427 0.034862 0.041611
1 0.314373 0.152427 0.047706 0.046506
1 0.662997 0.246663 0.033028 0.068536
1 0.708868 0.365377 0.025688 0.056297
1 0.568501 0.563640 0.225688 0.041611
1 0.220795 0.545282 0.135780 0.058745
1 0.425382 0.802291 0.379817 0.073431
1 0.492355 0.635847 0.051376 0.044059
1 0.648318 0.632176 0.084404 0.046506
1 0.674006 0.686025 0.033028 0.056297
1 0.525382 0.712950 0.044037 0.031820
1 0.590520 0.709278 0.031193 0.083222
1 0.361162 0.383734 0.115596 0.048954
1 0.405199 0.322542 0.053211 0.034268
1 0.482263 0.387406 0.045872 0.046506
1 0.564832 0.382510 0.049541 0.041611
1 0.607034 0.334780 0.031193 0.048954
1 0.666667 0.342123 0.033028 0.053849
1 0.921713 0.203828 0.051376 0.046506
1 0.872171 0.295617 0.047706 0.068536