0 0.266611 0.301956 0.062400 0.051345
0 0.277623 0.422983 0.069741 0.048900
0 0.193200 0.524450 0.073412 0.070905
0 0.413435 0.482885 0.055059 0.061125
0 0.635506 0.469438 0.117459 0.102689
0 0.550165 0.564792 0.067906 0.039120
0 0.646518 0.586797 0.058729 0.053790
0 0.775906 0.457213 0.038541 0.039120
0 0.764894 0.586797 0.045882 0.044010
0 0.762141 0.515892 0.058729 0.058680
0 0.906212 0.485330 0.053224 0.031785
0 0.918142 0.556235 0.132141 0.041565
0 0.527224 0.644254 0.077082 0.061125
0 0.630918 0.672372 0.071577 0.053790
1 0.335435 0.303178 0.023859 0.053790
1 0.411600 0.320293 0.044047 0.024450
1 0.502447 0.317848 0.042212 0.034230
1 0.573106 0.337408 0.044047 0.044010
1 0.521718 0.276284 0.044047 0.019560
1 0.572188 0.282396 0.016518 0.026895
1 0.528141 0.232274 0.031200 0.063570
1 0.583200 0.244499 0.038541 0.044010
1 0.432706 0.523227 0.049553 0.029340
1 0.319835 0.497555 0.044047 0.017115
1 0.272117 0.504890 0.044047 0.026895
1 0.213388 0.462103 0.044047 0.029340
1 0.314329 0.381418 0.029365 0.034230
1 0.815365 0.354523 0.022024 0.058680
1 0.759388 0.385086 0.042212 0.017115
1 0.714424 0.454768 0.036706 0.078240
1 0.808024 0.605134 0.029365 0.051345
1 0.890612 0.627139 0.044047 0.046455
1 0.876847 0.689487 0.034871 0.024450
1 0.973200 0.635697 0.022024 0.063570
1 0.958518 0.711491 0.033035 0.029340
1 0.970083 0.496333 0.059834 0.039120
0 0.147346 0.339883 0.045543 0.038033
0 0.197307 0.355731 0.053020 0.040750
1 0.242510 0.371578 0.014275 0.018111
1 0.350647 0.229218 0.045882 0.095762
1 0.770471 0.333130 0.041294 0.071312
1 0.685849 0.596305 0.018353 0.031436