1 0.061657 0.133943 0.015959 0.034017
1 0.099161 0.166365 0.015959 0.028702
1 0.146240 0.137663 0.014363 0.015946
1 0.053279 0.278339 0.019949 0.022324
1 0.048092 0.335211 0.011171 0.031891
1 0.045299 0.410156 0.021545 0.028702
1 0.129889 0.291468 0.023183 0.021876
1 0.164904 0.296616 0.021734 0.024450
1 0.128198 0.336508 0.026563 0.033458
1 0.127957 0.423047 0.023183 0.026380
1 0.224471 0.359349 0.020768 0.041822
1 0.288787 0.017372 0.020285 0.025737
1 0.285406 0.065950 0.017387 0.030241
1 0.328873 0.092009 0.015455 0.025737
1 0.334910 0.036031 0.047814 0.072062
1 0.354917 0.194139 0.015382 0.026511
1 0.360508 0.240209 0.014972 0.024450
1 0.280576 0.229915 0.013523 0.021876
1 0.354712 0.378544 0.019802 0.030884
1 0.542750 0.016729 0.021734 0.032171
1 0.550719 0.052439 0.017387 0.023806
1 0.536954 0.112276 0.023666 0.026380
1 0.612539 0.026380 0.021251 0.025737
1 0.600465 0.059194 0.024149 0.029597
1 0.607951 0.120641 0.022700 0.025093
1 0.692954 0.166967 0.014006 0.031527
1 0.782546 0.178227 0.017387 0.023163
1 0.785202 0.108416 0.048780 0.036675
1 0.782546 0.292648 0.011591 0.027667
1 0.861995 0.298760 0.014006 0.020589
1 0.863122 0.436237 0.015938 0.034745
1 0.800690 0.448212 0.036934 0.038105
1 0.746484 0.426908 0.017387 0.031527
1 0.737307 0.599022 0.018353 0.030884
1 0.621313 0.409857 0.026563 0.025737
1 0.620589 0.571998 0.023183 0.037318
1 0.551765 0.518595 0.036223 0.037318
1 0.551282 0.581328 0.019802 0.032814
0 0.606451 0.282438 0.055692 0.050586
0 0.091647 0.227067 0.045373 0.047541
0 0.155373 0.158811 0.065765 0.060446
0 0.156902 0.239631 0.066784 0.068595
0 0.272033 0.336412 0.042824 0.063841
0 0.303386 0.267138 0.067804 0.071991
0 0.305425 0.177488 0.059647 0.071991
0 0.390902 0.206692 0.041294 0.057050
0 0.388353 0.283211 0.046392 0.057050
0 0.438059 0.293059 0.045882 0.067237
0 0.472896 0.238047 0.028549 0.071312
0 0.439759 0.205107 0.034667 0.076066
0 0.384955 0.388368 0.037216 0.075387
0 0.377053 0.499185 0.045882 0.055691
0 0.483092 0.504618 0.042824 0.073350
0 0.485131 0.397990 0.061177 0.071991
0 0.655076 0.372228 0.053793 0.064919
0 0.855099 0.210541 0.050471 0.061125
0 0.812275 0.358259 0.059647 0.059087
0 0.861216 0.510052 0.041294 0.089650
0 0.910661 0.300451 0.048706 0.055482
0 0.962897 0.303273 0.047294 0.055482