1 0.406517 0.580748 0.051250 0.099518
1 0.441000 0.534784 0.040494 0.063253
1 0.409364 0.412073 0.032901 0.038795
1 0.498576 0.444965 0.030370 0.047229
1 0.545081 0.466471 0.028472 0.043012
1 0.496046 0.550386 0.036697 0.057350
1 0.542233 0.616591 0.025308 0.032892
1 0.528841 0.686170 0.037330 0.043856
1 0.581040 0.709784 0.027839 0.040482
1 0.596858 0.636411 0.031636 0.045542
1 0.645998 0.552073 0.027839 0.033735
1 0.679215 0.520868 0.031003 0.037109
1 0.703786 0.679845 0.029105 0.044699
1 0.684488 0.750266 0.034799 0.040482
1 0.758515 0.684764 0.036065 0.082651
1 0.742381 0.774162 0.029105 0.055663
1 0.823684 0.675909 0.037330 0.063253
1 0.887377 0.702475 0.024676 0.050603
1 0.897184 0.771210 0.058209 0.095301
1 0.942951 0.576953 0.032901 0.034578
1 0.769588 0.506531 0.032901 0.042169
1 0.789834 0.428940 0.032901 0.035422
1 0.718760 0.337294 0.029105 0.037109
1 0.766213 0.208398 0.025308 0.031205
1 0.695666 0.097353 0.025941 0.053133
1 0.672783 0.022715 0.026574 0.033735
1 0.547190 0.053076 0.037330 0.043856
1 0.581356 0.292173 0.024676 0.053133
1 0.534852 0.278257 0.031636 0.045542
1 0.443109 0.245787 0.027839 0.041325
1 0.448909 0.072896 0.029737 0.046386
1 0.492566 0.005032 0.028472 0.010064
1 0.394179 0.060667 0.040494 0.040482
1 0.356849 0.021871 0.022778 0.032048
1 0.317937 0.013887 0.024676 0.027774
1 0.210693 0.018526 0.045555 0.037052
1 0.849837 0.150908 0.032268 0.042169