0 0.155831 0.546699 0.046984 0.035208
0 0.097468 0.620538 0.052122 0.026406
0 0.046447 0.631785 0.054325 0.035208
0 0.202080 0.656235 0.033769 0.050856
0 0.155831 0.777995 0.058729 0.047922
0 0.352207 0.658191 0.038908 0.058680
0 0.402127 0.580277 0.033035 0.044988
0 0.891662 0.503015 0.049920 0.054768
0 0.823389 0.457539 0.064602 0.040098
0 0.837704 0.517196 0.063868 0.049878
0 0.682438 0.478566 0.061666 0.048900
0 0.692349 0.544091 0.052122 0.050856
0 0.719511 0.604727 0.055059 0.039120
0 0.630560 0.744743 0.036706 0.045966
0 0.617346 0.649878 0.046984 0.067482
0 0.509798 0.666504 0.053591 0.063570
0 0.523379 0.757457 0.052857 0.053790
0 0.521068 0.543540 0.040471 0.050154
0 0.553774 0.509686 0.036235 0.055169
0 0.603892 0.509059 0.040471 0.053915
0 0.610245 0.569557 0.051294 0.049527
0 0.556362 0.576139 0.050824 0.062692
1 0.150831 0.620054 0.023089 0.030760
1 0.159416 0.726135 0.024865 0.029971
1 0.228387 0.601914 0.014801 0.018140
1 0.224835 0.525804 0.023089 0.039435
1 0.217139 0.437469 0.047955 0.067829
1 0.314133 0.509241 0.020129 0.036280
1 0.386361 0.354918 0.022497 0.023661
1 0.376000 0.384100 0.027825 0.033126
1 0.395241 0.409733 0.033154 0.030760
1 0.389913 0.461787 0.017761 0.033914
1 0.431355 0.345847 0.024865 0.019718
1 0.451484 0.373058 0.024865 0.028393
1 0.440532 0.403423 0.021905 0.032337
1 0.460661 0.449168 0.024273 0.041801
1 0.385769 0.693272 0.023681 0.031548
1 0.273283 0.705497 0.027233 0.040224
1 0.222467 0.729684 0.019537 0.030760
1 0.461055 0.772932 0.015985 0.028393
1 0.652183 0.647527 0.023681 0.028393
1 0.635902 0.530405 0.012433 0.019718
1 0.635902 0.501222 0.018353 0.022872
1 0.693428 0.344007 0.017761 0.043379
1 0.705268 0.390935 0.022497 0.028393
1 0.661754 0.416568 0.015985 0.024450
1 0.651985 0.364119 0.048547 0.069406
1 0.716813 0.516997 0.017169 0.026027
1 0.776312 0.616768 0.015393 0.037858
1 0.884851 0.454295 0.017761 0.023661
1 0.922149 0.427084 0.016577 0.019718
1 0.937542 0.541052 0.011841 0.023661
1 0.941094 0.584037 0.015393 0.019718
1 0.952046 0.641612 0.012433 0.027605
1 0.873010 0.657781 0.017761 0.033126
1 0.864722 0.593895 0.020129 0.025239
1 0.859690 0.557221 0.021905 0.021295
1 0.831568 0.561558 0.022497 0.033126