1 0.248471 0.676235 0.047018 0.092481
1 0.265099 0.615854 0.038991 0.042037
1 0.322726 0.615854 0.049885 0.043566
1 0.374904 0.664006 0.029243 0.025222
1 0.376625 0.733176 0.030390 0.039744
1 0.429950 0.738526 0.040711 0.039744
1 0.430524 0.663624 0.034977 0.033630
1 0.353689 0.518278 0.032683 0.037451
1 0.305237 0.507577 0.034404 0.045094
1 0.219228 0.511781 0.027523 0.048916
1 0.212347 0.338028 0.020642 0.036687
1 0.297783 0.335735 0.028670 0.055030
1 0.342794 0.333442 0.039564 0.048916
1 0.045489 0.150136 0.035550 0.031337
1 0.084193 0.147843 0.025803 0.034394
1 0.126911 0.165804 0.033257 0.042801
1 0.175076 0.165040 0.035550 0.042801
1 0.205180 0.074851 0.030390 0.035158
1 0.265386 0.106952 0.029243 0.035158
1 0.373662 0.033196 0.029817 0.032865
1 0.411793 0.100073 0.031537 0.051973
1 0.498089 0.183765 0.032110 0.042037
1 0.480122 0.327073 0.028670 0.039744
1 0.565271 0.387071 0.028096 0.034394
1 0.566418 0.474585 0.023509 0.033630
1 0.482034 0.513947 0.026376 0.043566
1 0.455084 0.559423 0.018349 0.032101
1 0.537080 0.663751 0.026376 0.034394
1 0.557629 0.091871 0.029105 0.040482
1 0.717705 0.089341 0.030370 0.045542
1 0.805336 0.009671 0.024676 0.019341
1 0.805020 0.121811 0.018981 0.037952
1 0.729727 0.691933 0.044290 0.100362
1 0.703469 0.621089 0.042392 0.041325
1 0.646525 0.617716 0.046188 0.049759
1 0.593694 0.663680 0.036697 0.030362
1 0.593694 0.743801 0.035432 0.025301
1 0.536750 0.744644 0.037963 0.033735