1 0.178614 0.294606 0.023791 0.028978
1 0.192209 0.251592 0.026510 0.028072
1 0.213961 0.326300 0.021072 0.025355
1 0.236392 0.280570 0.046902 0.080594
1 0.224837 0.418516 0.016993 0.019017
1 0.227216 0.457001 0.024471 0.018111
1 0.143608 0.426213 0.023111 0.019922
1 0.065778 0.511334 0.038745 0.019922
1 0.469499 0.297581 0.021734 0.022520
1 0.448731 0.320744 0.020768 0.027667
1 0.452595 0.351628 0.030427 0.021233
1 0.522867 0.313023 0.033808 0.021233
1 0.518521 0.343907 0.032842 0.025093
1 0.504273 0.368357 0.034291 0.023806
1 0.500651 0.426586 0.022217 0.025737
1 0.422892 0.399562 0.044433 0.029597
1 0.578007 0.482671 0.016904 0.016085
1 0.669530 0.515485 0.015455 0.022520
1 0.690298 0.436666 0.055059 0.069489
1 0.655926 0.604277 0.011108 0.032814
1 0.731753 0.633874 0.021734 0.025093
1 0.709536 0.750011 0.023666 0.036031
1 0.635400 0.737464 0.015455 0.037962
1 0.593140 0.712049 0.024632 0.027024
1 0.469821 0.662506 0.012074 0.027024
1 0.379907 0.745507 0.022217 0.050187
1 0.363728 0.787651 0.030427 0.034101
1 0.434725 0.799554 0.028495 0.023163
1 0.558366 0.844271 0.023666 0.027667
1 0.193319 0.562133 0.021251 0.028310
1 0.012929 0.445996 0.022700 0.025093
0 0.023796 0.398061 0.047591 0.048900
0 0.038415 0.344014 0.062786 0.059194
0 0.114716 0.512167 0.040377 0.052393
0 0.156403 0.462219 0.044047 0.055885
0 0.171086 0.388171 0.062924 0.054488
0 0.258131 0.432879 0.039852 0.041914
0 0.306635 0.439865 0.034084 0.069857
0 0.345439 0.491908 0.041425 0.067761
0 0.293526 0.521947 0.024645 0.063570
0 0.244235 0.501688 0.045620 0.042613
0 0.222212 0.584469 0.040377 0.062871
0 0.194682 0.674235 0.068168 0.049598
0 0.337573 0.619397 0.046669 0.046105
0 0.310044 0.713238 0.034608 0.040517
0 0.467530 0.548027 0.023072 0.041216
0 0.511577 0.637094 0.027267 0.053091
0 0.740740 0.558854 0.038672 0.047153
0 0.677816 0.656945 0.043916 0.099546
0 0.789572 0.655199 0.047193 0.055885
0 0.848564 0.665240 0.035395 0.051519
0 0.689833 0.800733 0.075378 0.062871