1 0.244648 0.121830 0.033028 0.102803
1 0.449235 0.107144 0.045872 0.102803
1 0.590520 0.090010 0.016514 0.029372
1 0.685933 0.080220 0.038532 0.058745
1 0.721713 0.140188 0.025688 0.036715
1 0.918043 0.082667 0.073394 0.034268
1 0.833639 0.302960 0.051376 0.063640
1 0.965749 0.298065 0.044037 0.073431
1 0.927217 0.351914 0.022018 0.073431
1 0.699694 0.315199 0.069725 0.068536
1 0.544648 0.318870 0.064220 0.075879
1 0.444648 0.246663 0.058716 0.058745
1 0.302446 0.282155 0.053211 0.061192
1 0.292355 0.367824 0.025688 0.022029
1 0.318043 0.449822 0.047706 0.058745
1 0.477676 0.495105 0.040367 0.046506
1 0.516208 0.400868 0.047706 0.044059
1 0.518960 0.480418 0.049541 0.046506
1 0.569419 0.476747 0.036697 0.058745
1 0.616208 0.518358 0.049541 0.083222
1 0.692355 0.509791 0.036697 0.061192
1 0.759327 0.462061 0.034862 0.151757
1 0.825382 0.507343 0.027523 0.090565
1 0.618043 0.657877 0.207339 0.039163
1 0.933639 0.632176 0.089908 0.061192
1 0.554740 0.723964 0.022018 0.039163
1 0.524465 0.774142 0.020183 0.066088
1 0.601529 0.777814 0.020183 0.044059
1 0.687768 0.714174 0.042202 0.034268
1 0.656575 0.786381 0.023853 0.061192
1 0.655657 0.867155 0.018349 0.051402
1 0.603364 0.865931 0.012844 0.063640
1 0.699694 0.869603 0.036697 0.051402
1 0.787768 0.777814 0.033028 0.034268
1 0.756575 0.853693 0.036697 0.048954
1 0.796024 0.854916 0.023853 0.051402
1 0.852905 0.853693 0.016514 0.058745
1 0.845566 0.774142 0.034862 0.036715
1 0.895107 0.836559 0.027523 0.063640
1 0.956575 0.750889 0.014679 0.058745
0 0.524465 0.116935 0.071560 0.073431
0 0.528135 0.037662 0.093578 0.075324