1 0.402650 0.468263 0.038736 0.105078
1 0.432212 0.411647 0.033979 0.046198
1 0.476045 0.437917 0.030581 0.053445
1 0.473666 0.328762 0.027183 0.045292
1 0.507985 0.350955 0.018349 0.033516
1 0.503228 0.504496 0.022426 0.034422
1 0.492355 0.584211 0.029222 0.039857
1 0.533129 0.612292 0.025144 0.041669
1 0.545362 0.533936 0.016989 0.057068
1 0.602446 0.403947 0.014271 0.030799
1 0.621814 0.581041 0.019028 0.053445
1 0.609242 0.659849 0.019708 0.040763
1 0.663269 0.605951 0.020387 0.043481
1 0.648998 0.685666 0.021747 0.032611
1 0.707441 0.582399 0.025824 0.054351
1 0.750934 0.608669 0.028542 0.050727
1 0.760788 0.687025 0.034659 0.109608
1 0.909616 0.149404 0.014271 0.039857
1 0.849473 0.080560 0.028542 0.043481
1 0.930003 0.029379 0.021067 0.026270
1 0.734285 0.021710 0.015630 0.043420
1 0.637445 0.221872 0.020387 0.028987
1 0.687734 0.312910 0.017669 0.029893
1 0.671764 0.398059 0.030581 0.033516
1 0.671990 0.080107 0.021067 0.037140
1 0.436290 0.109547 0.023106 0.028987
1 0.500170 0.145328 0.027183 0.026270
1 0.537547 0.160727 0.021747 0.020834
1 0.410126 0.282111 0.031940 0.031705