1 0.395023 0.257032 0.015185 0.027831
1 0.435833 0.284442 0.017083 0.015181
1 0.520299 0.315647 0.012654 0.023615
1 0.372245 0.308900 0.022778 0.028675
1 0.348835 0.389864 0.021512 0.026988
1 0.330170 0.491491 0.017083 0.041325
1 0.412739 0.480949 0.043024 0.033735
1 0.537383 0.521852 0.024043 0.022771
1 0.657598 0.561210 0.044290 0.037952
1 0.700622 0.517354 0.026574 0.027831
1 0.779289 0.602113 0.035432 0.042169
1 0.852051 0.415587 0.024043 0.029518
1 0.848255 0.473358 0.029105 0.015181
1 0.663609 0.359924 0.027207 0.031205
1 0.585152 0.332936 0.032268 0.027831
1 0.314548 0.943171 0.058978 0.072500
1 0.919810 0.681039 0.027523 0.023778
1 0.955233 0.692248 0.018858 0.031252
1 0.387125 0.613496 0.034345 0.042645
1 0.423351 0.688437 0.044695 0.060831
1 0.496119 0.748014 0.022112 0.028221
1 0.482710 0.816684 0.031052 0.036373
1 0.573983 0.720734 0.021642 0.032611
1 0.547401 0.865600 0.030581 0.020068
1 0.579158 0.610673 0.026347 0.040763
1 0.838357 0.592540 0.027086 0.050080
1 0.837047 0.669408 0.026212 0.047751
1 0.885103 0.682802 0.024465 0.055904
1 0.955439 0.474327 0.023591 0.062892
1 0.790447 0.798103 0.026212 0.025623
1 0.721421 0.774810 0.027960 0.032611
1 0.678608 0.757922 0.029707 0.045422
1 0.769040 0.936115 0.027086 0.036104
1 0.693462 0.912240 0.031455 0.037269
1 0.651959 0.900593 0.027086 0.034940
1 0.657638 0.983489 0.038445 0.033021
1 0.709189 0.991060 0.027960 0.017880
1 0.434659 0.958640 0.022018 0.035872
1 0.486035 0.969238 0.026911 0.030980
1 0.566157 0.982581 0.037920 0.034838
1 0.394903 0.909724 0.028135 0.042394
1 0.347808 0.895049 0.034251 0.039133
1 0.566769 0.912985 0.029358 0.016305