1 0.435474 0.216067 0.033028 0.041611
1 0.478593 0.227082 0.016514 0.068536
1 0.287768 0.437584 0.038532 0.058745
1 0.394190 0.464508 0.038532 0.024477
1 0.364832 0.389854 0.042202 0.031820
1 0.495107 0.449822 0.038532 0.053849
1 0.629052 0.333556 0.034862 0.056297
1 0.670336 0.283379 0.051376 0.044059
1 0.755657 0.322542 0.031193 0.034268
1 0.242813 0.780262 0.044037 0.039163
1 0.234557 0.853693 0.056881 0.107699
1 0.303364 0.809634 0.029358 0.083222
1 0.341896 0.912437 0.029358 0.029372
1 0.399694 0.867155 0.034862 0.031820
1 0.457492 0.886736 0.029358 0.041611
1 0.385015 0.930795 0.023853 0.051402
1 0.450153 0.963839 0.055046 0.044059
1 0.343731 0.722741 0.117431 0.061192
1 0.556575 0.808410 0.055046 0.036715
1 0.651988 0.839006 0.091743 0.039163
1 0.726300 0.870826 0.034862 0.073431
1 0.700612 0.932019 0.056881 0.078326
1 0.559327 0.868379 0.049541 0.044059
1 0.576758 0.936914 0.029358 0.024477
1 0.633639 0.946705 0.022018 0.039163
1 0.954740 0.743546 0.029358 0.068536
1 0.870336 0.506119 0.029358 0.058745
1 0.910703 0.355586 0.033028 0.031820
1 0.881346 0.411883 0.036697 0.022029
1 0.633639 0.504895 0.055046 0.056297
1 0.755657 0.541611 0.060550 0.051402
1 0.783180 0.627280 0.023853 0.051402
1 0.763914 0.698264 0.036697 0.022029
1 0.796942 0.716621 0.022018 0.053849
1 0.467584 0.635847 0.045872 0.053849
1 0.523547 0.650533 0.014679 0.053849
1 0.596024 0.667667 0.049541 0.058745
1 0.542813 0.599132 0.049541 0.029372
1 0.674006 0.701935 0.047706 0.024477
1 0.718960 0.682354 0.027523 0.048954
0 0.359327 0.202605 0.060550 0.107699
0 0.820795 0.362929 0.080734 0.056297
0 0.841896 0.288274 0.082569 0.063640
0 0.388685 0.101025 0.078899 0.080774