1 0.127217 0.211172 0.044037 0.070983
1 0.301529 0.195261 0.044037 0.053849
1 0.206116 0.267469 0.029358 0.051402
1 0.066667 0.302960 0.025688 0.073431
1 0.151988 0.013185 0.034862 0.026370
1 0.199694 0.018081 0.034862 0.036161
1 0.407951 0.023923 0.029358 0.044059
1 0.724465 0.075324 0.038532 0.058745
1 0.900612 0.091234 0.034862 0.046506
1 0.923547 0.181799 0.029358 0.056297
1 0.906116 0.267469 0.049541 0.046506
1 0.734557 0.327437 0.055046 0.039163
1 0.669419 0.246663 0.031193 0.048954
1 0.674924 0.317646 0.034862 0.039163
1 0.613456 0.326213 0.044037 0.070983
1 0.613456 0.176904 0.033028 0.031820
1 0.457492 0.184247 0.055046 0.041611
1 0.394190 0.324990 0.045872 0.029372
1 0.325382 0.381287 0.047706 0.044059
1 0.394190 0.384958 0.045872 0.031820
1 0.476758 0.372720 0.034862 0.036715
1 0.564832 0.365377 0.023853 0.031820
1 0.189602 0.540387 0.040367 0.058745
1 0.252905 0.537939 0.023853 0.044059
1 0.491437 0.526925 0.056881 0.041611
1 0.581346 0.514686 0.034862 0.046506
1 0.626300 0.508567 0.033028 0.073431
1 0.684098 0.504895 0.023853 0.075879
1 0.662079 0.561192 0.031193 0.051402
1 0.708868 0.607699 0.036697 0.075879
1 0.690520 0.676234 0.066055 0.085669
1 0.612538 0.640743 0.042202 0.029372
1 0.510703 0.578326 0.036697 0.041611
1 0.549235 0.637071 0.018349 0.061192
1 0.614373 0.712950 0.042202 0.022029
1 0.555657 0.719069 0.034862 0.029372
1 0.512538 0.733755 0.055046 0.048954
1 0.398777 0.654205 0.040367 0.036715
1 0.444648 0.732531 0.036697 0.046506
1 0.396942 0.736203 0.036697 0.039163
1 0.334557 0.659100 0.036697 0.031820
1 0.329052 0.742322 0.047706 0.046506
1 0.278593 0.731308 0.053211 0.044059
1 0.202446 0.655429 0.047706 0.034268
1 0.138226 0.660324 0.033028 0.044059
1 0.144648 0.728860 0.086239 0.093013
0 0.063914 0.040110 0.108257 0.080220