1 0.033945 0.427034 0.034862 0.019566
1 0.121101 0.386678 0.040367 0.017121
1 0.181651 0.341431 0.044037 0.039133
1 0.269725 0.315751 0.036697 0.026904
1 0.459633 0.226479 0.031193 0.034241
1 0.484404 0.282732 0.033028 0.019566
1 0.643119 0.189793 0.020183 0.039133
1 0.692661 0.175118 0.027523 0.034241
1 0.579817 0.189793 0.047706 0.078265
1 0.370642 0.444154 0.033028 0.034241
1 0.344954 0.515082 0.044037 0.044024
1 0.476147 0.466167 0.053211 0.034241
1 0.517431 0.411136 0.033028 0.031795
1 0.637140 0.426410 0.020247 0.026988
1 0.670674 0.408699 0.018981 0.025301
1 0.750712 0.369904 0.038595 0.032048
1 0.758621 0.415025 0.058209 0.037952
1 0.604239 0.452555 0.030370 0.048916
1 0.555520 0.482495 0.036697 0.048072
1 0.568069 0.640487 0.020879 0.036265
1 0.493093 0.672114 0.039228 0.033735
1 0.452599 0.685608 0.022778 0.033735
1 0.224910 0.572388 0.028357 0.042245
1 0.093967 0.632421 0.040033 0.042245
1 0.019368 0.695453 0.022936 0.025477
1 0.153542 0.968056 0.025229 0.028534
1 0.338558 0.739783 0.017584 0.026496
1 0.280071 0.825895 0.021407 0.027515
1 0.293451 0.617493 0.028287 0.038725
1 0.295362 0.903854 0.019878 0.028534
1 0.377931 0.905383 0.030581 0.025477
1 0.410041 0.930860 0.013761 0.031591
1 0.484200 0.842200 0.019878 0.033630
1 0.525866 0.821819 0.025229 0.015286
1 0.601172 0.787170 0.024465 0.023439
1 0.579001 0.900797 0.025994 0.042801
1 0.526631 0.923726 0.029817 0.037706
1 0.494139 0.982833 0.022936 0.031591
1 0.608424 0.941554 0.044204 0.097832