0 0.185015 0.186695 0.067890 0.095460
0 0.175841 0.088787 0.104587 0.070983
1 0.535474 0.039833 0.034862 0.036715
1 0.579511 0.030319 0.016514 0.060638
1 0.723547 0.260125 0.014679 0.070983
1 0.641896 0.206276 0.056881 0.051402
1 0.506116 0.257678 0.067890 0.036715
1 0.621713 0.287050 0.064220 0.031820
1 0.376758 0.153651 0.040367 0.068536
1 0.326300 0.081443 0.067890 0.046506
1 0.253823 0.130397 0.058716 0.066088
1 0.092355 0.149979 0.036697 0.036715
1 0.117125 0.208724 0.056881 0.061192
1 0.129052 0.316423 0.044037 0.031820
1 0.040979 0.537939 0.036697 0.058745
1 0.247401 0.361705 0.042202 0.063640
1 0.374924 0.306632 0.036697 0.066088
1 0.220795 0.446151 0.044037 0.026925
1 0.230887 0.511015 0.031193 0.029372
1 0.287768 0.498776 0.027523 0.044059
1 0.196942 0.546506 0.062385 0.031820
1 0.329969 0.518358 0.023853 0.083222
1 0.400612 0.486538 0.029358 0.088117
1 0.465749 0.444927 0.056881 0.127280
1 0.539144 0.453494 0.031193 0.095460
1 0.681346 0.545282 0.047706 0.058745
1 0.441896 0.638295 0.067890 0.058745
1 0.355657 0.659100 0.027523 0.066088
1 0.319878 0.676234 0.051376 0.046506
1 0.272171 0.697040 0.029358 0.073431
1 0.304281 0.745994 0.034862 0.048954
1 0.282263 0.786381 0.016514 0.070983
1 0.361162 0.787605 0.027523 0.034268
1 0.410703 0.769247 0.027523 0.031820
1 0.437309 0.693368 0.044037 0.026925
1 0.630887 0.562416 0.031193 0.048954
1 0.585015 0.705607 0.038532 0.026925
1 0.668501 0.750889 0.025688 0.039163
1 0.704281 0.648086 0.023853 0.029372
1 0.761162 0.626057 0.020183 0.014686
1 0.769419 0.693368 0.080734 0.105251
1 0.314373 0.837782 0.040367 0.139519
1 0.378593 0.862259 0.033028 0.031820
1 0.427217 0.834111 0.027523 0.034268
1 0.470336 0.840230 0.014679 0.051402
1 0.526300 0.805962 0.034862 0.041611
1 0.538226 0.720293 0.036697 0.022029
1 0.561162 0.793724 0.042202 0.036715
1 0.617125 0.775366 0.029358 0.044059