1 0.216812 0.298085 0.018353 0.023227
1 0.247094 0.331703 0.016518 0.022005
1 0.203506 0.415444 0.015600 0.023227
1 0.196623 0.452730 0.022024 0.024450
1 0.187447 0.516300 0.023859 0.019560
1 0.336839 0.485466 0.017129 0.026080
1 0.290651 0.429639 0.016518 0.018745
1 0.264651 0.425564 0.018353 0.022005
1 0.261898 0.469166 0.020188 0.032600
1 0.251192 0.527846 0.019576 0.029340
1 0.433396 0.291225 0.017741 0.026080
1 0.399138 0.270035 0.020188 0.021190
1 0.403420 0.228063 0.011624 0.031785
1 0.442573 0.239880 0.049553 0.065200
1 0.385225 0.395273 0.014118 0.014419
1 0.449460 0.375525 0.015529 0.015046
1 0.448519 0.409065 0.019294 0.014419
1 0.620990 0.227572 0.015059 0.022569
1 0.607814 0.251081 0.018824 0.023196
1 0.611108 0.282114 0.023529 0.018808
1 0.597696 0.327252 0.015529 0.026331
1 0.660049 0.236349 0.016000 0.020061
1 0.664990 0.264560 0.026824 0.021315
1 0.649461 0.289637 0.025882 0.018808
1 0.654402 0.344806 0.021647 0.038869
1 0.719578 0.387646 0.013647 0.015046
1 0.802167 0.327775 0.038588 0.075857
1 0.792990 0.404572 0.019294 0.016300
1 0.787343 0.488580 0.016471 0.021315
1 0.850637 0.506133 0.017882 0.013792
1 0.839971 0.612814 0.013176 0.021942
1 0.786088 0.614695 0.027765 0.020688
1 0.748833 0.592753 0.016000 0.020688
1 0.655643 0.571964 0.015416 0.036186
1 0.439214 0.516940 0.017829 0.030737
1 0.589437 0.649086 0.019664 0.031436
1 0.584194 0.697986 0.014420 0.033182
1 0.637942 0.701915 0.019664 0.013098
1 0.733312 0.723309 0.012454 0.031436
0 0.289891 0.325125 0.055059 0.038421
0 0.282681 0.389743 0.049815 0.026196
0 0.231227 0.373588 0.039983 0.034055
0 0.408311 0.357871 0.043261 0.041041
0 0.390286 0.417249 0.066202 0.032309
0 0.376849 0.480120 0.061614 0.055012
0 0.447530 0.614158 0.047849 0.047153
0 0.538967 0.638608 0.035395 0.047153
0 0.551421 0.548230 0.044571 0.056759
0 0.463589 0.531930 0.045882 0.049773
0 0.474404 0.386250 0.025563 0.055885
0 0.466210 0.443009 0.038017 0.038421
0 0.507832 0.459163 0.025563 0.063744
0 0.510126 0.392799 0.028840 0.042787
0 0.543555 0.426418 0.032773 0.057632
0 0.640673 0.463092 0.021630 0.048900
0 0.681967 0.538625 0.033429 0.056759
0 0.848673 0.432384 0.039983 0.048027
0 0.799186 0.542409 0.053748 0.048027
0 0.835892 0.676010 0.053748 0.051519
0 0.890732 0.514903 0.044571 0.038421
0 0.939892 0.521452 0.043261 0.039294