0 0.632676 0.483773 0.032471 0.067707
0 0.700912 0.549600 0.043765 0.072723
0 0.751735 0.532986 0.044706 0.072096
0 0.627578 0.625144 0.047059 0.024450
0 0.430166 0.646354 0.045647 0.043884
0 0.496049 0.716569 0.042824 0.053915
0 0.236990 0.655131 0.035765 0.067707
0 0.245460 0.734123 0.035765 0.055169
0 0.291813 0.724719 0.045647 0.061438
0 0.279813 0.648549 0.036706 0.067080
0 0.314166 0.661714 0.027294 0.077111
0 0.158637 0.666729 0.048471 0.063319
0 0.174637 0.746035 0.054118 0.062692
0 0.163578 0.832863 0.047059 0.077111
0 0.267813 0.837879 0.044706 0.074603
0 0.279107 0.946022 0.040941 0.055169
0 0.377225 0.910601 0.041412 0.069588
0 0.364754 0.801517 0.047529 0.064573
0 0.033529 0.706783 0.060667 0.048900
0 0.047039 0.782849 0.073412 0.057050
1 0.114719 0.520239 0.021072 0.029883
1 0.119817 0.563253 0.021752 0.030789
1 0.164000 0.580458 0.023111 0.021733
1 0.160601 0.514353 0.054379 0.092366
1 0.206031 0.666033 0.014275 0.033505
1 0.215547 0.705424 0.015634 0.021733
1 0.236959 0.839144 0.014954 0.034411
1 0.119364 0.867669 0.021752 0.028072
1 0.063399 0.834163 0.025830 0.031694
1 0.029412 0.840502 0.028549 0.028072
1 0.035529 0.890308 0.027190 0.029883
1 0.045725 0.970147 0.025830 0.034411
1 0.143608 0.723384 0.020392 0.026261
1 0.341978 0.387274 0.022431 0.021733
1 0.332122 0.420327 0.023111 0.026261
1 0.352174 0.454738 0.029229 0.022639
1 0.384802 0.371880 0.022431 0.023544
1 0.395678 0.404479 0.034667 0.023544
1 0.393299 0.438438 0.023111 0.022639
1 0.408593 0.500015 0.023791 0.024450
1 0.348436 0.517221 0.025830 0.038939
1 0.491181 0.504090 0.014954 0.030789
1 0.571051 0.480999 0.014275 0.026261
1 0.553037 0.387727 0.054379 0.089650
1 0.589177 0.581967 0.011556 0.034411
1 0.661229 0.564309 0.012915 0.029883
1 0.680942 0.696218 0.018353 0.028072
1 0.629621 0.733345 0.027190 0.038939
1 0.580680 0.724290 0.014954 0.040750
1 0.477360 0.767756 0.032627 0.031694
1 0.430391 0.894051 0.032301 0.024450
1 0.448744 0.954197 0.030833 0.031296
1 0.503436 0.931214 0.030099 0.036186
1 0.602542 0.891606 0.027162 0.039120
0 0.705808 0.766096 0.050654 0.076284