1 0.242397 0.460925 0.036706 0.090555
1 0.230161 0.551028 0.020392 0.029883
1 0.317168 0.566422 0.017673 0.029883
1 0.408253 0.401612 0.031268 0.019017
1 0.399756 0.433759 0.022431 0.028978
1 0.405534 0.470434 0.025830 0.020828
1 0.396018 0.532917 0.020392 0.028072
1 0.455155 0.407045 0.021752 0.019017
1 0.466031 0.441909 0.025830 0.027167
1 0.447338 0.470887 0.027869 0.030789
1 0.462972 0.535181 0.022431 0.036222
1 0.653979 0.488545 0.040105 0.089650
1 0.695103 0.484017 0.017673 0.022639
1 0.694423 0.533822 0.016314 0.033505
1 0.649221 0.556914 0.019712 0.016300
1 0.617953 0.650638 0.015634 0.019017
1 0.609456 0.693652 0.012235 0.027167
1 0.685247 0.697274 0.015634 0.025355
1 0.817796 0.632527 0.015634 0.008150
1 0.890868 0.647922 0.023111 0.022639
1 0.850423 0.667844 0.014275 0.029883
1 0.886336 0.790395 0.014954 0.028072
1 0.884977 0.842917 0.014954 0.033505
1 0.812245 0.783603 0.027190 0.023544
1 0.782336 0.779076 0.017673 0.028978
1 0.809526 0.835673 0.020392 0.022639
1 0.724898 0.828428 0.019712 0.029883
1 0.808506 0.914908 0.018353 0.021733
1 0.882598 0.922606 0.015634 0.022639
1 0.604244 0.825712 0.013595 0.026261
1 0.409839 0.928944 0.016314 0.040750
1 0.410179 0.990054 0.018353 0.019892
1 0.345264 0.977844 0.020392 0.022639
1 0.240471 0.969694 0.018353 0.028072
1 0.359878 0.813034 0.021072 0.028072
1 0.249760 0.803526 0.021072 0.027167
1 0.201839 0.814845 0.029909 0.031694
1 0.140662 0.793565 0.019033 0.025355
1 0.155163 0.657581 0.027190 0.026261
1 0.223477 0.659845 0.022431 0.030789
0 0.165919 0.561918 0.062786 0.059194
0 0.101837 0.647922 0.039529 0.056423
0 0.199602 0.718920 0.041647 0.053602
0 0.051366 0.648862 0.048706 0.054542
0 0.129366 0.858097 0.048000 0.063005
0 0.324896 0.759357 0.039529 0.076171
0 0.392661 0.683186 0.031059 0.049840
0 0.472779 0.820481 0.044471 0.055482
0 0.577249 0.837408 0.028941 0.064886
0 0.473132 0.943985 0.036706 0.059244
0 0.575132 0.949627 0.052941 0.055482
0 0.676426 0.801517 0.043765 0.082753
0 0.669014 0.720174 0.051529 0.040436
0 0.659485 0.637891 0.048000 0.048900
0 0.585367 0.657169 0.039529 0.051721
0 0.540896 0.652467 0.033882 0.055482
0 0.504543 0.668453 0.043059 0.064886
0 0.532779 0.721585 0.050118 0.054542
0 0.587838 0.726757 0.026118 0.064886
0 0.795014 0.655758 0.059294 0.060184
0 0.794661 0.728168 0.062824 0.056423
0 0.855014 0.727697 0.039529 0.078052