1 0.213211 0.246959 0.024220 0.016631
1 0.259817 0.252829 0.023486 0.020545
1 0.342018 0.226904 0.014679 0.025436
1 0.400734 0.199022 0.029358 0.026415
1 0.481468 0.168694 0.027890 0.014675
1 0.215046 0.315441 0.029358 0.022501
1 0.215780 0.420121 0.011743 0.047937
1 0.300550 0.471482 0.040367 0.033263
1 0.421651 0.434307 0.027156 0.048916
1 0.229725 0.534095 0.017615 0.033263
1 0.373211 0.968793 0.024220 0.039133
1 0.425321 0.946292 0.030092 0.056742
1 0.465321 0.975641 0.022018 0.045003
1 0.515596 0.964880 0.025688 0.060656
1 0.463853 0.785359 0.020550 0.032284
1 0.331498 0.841449 0.033761 0.026415
1 0.607339 0.988799 0.016881 0.022402
1 0.646239 0.977108 0.025688 0.042068
1 0.638165 0.905202 0.033028 0.045003
1 0.598532 0.918410 0.040367 0.038154
1 0.539083 0.804925 0.021284 0.034241
1 0.670826 0.850417 0.033761 0.052829
1 0.715352 0.829383 0.027890 0.042068
1 0.745810 0.885636 0.052110 0.103701
1 0.744709 0.720790 0.022018 0.034241
1 0.674618 0.747204 0.025688 0.038154
1 0.637920 0.763347 0.024220 0.043046
1 0.910092 0.332888 0.033761 0.093918
1 0.833394 0.338758 0.021284 0.023480
1 0.801468 0.348541 0.027890 0.029349
1 0.768440 0.376912 0.029358 0.041089
1 0.729174 0.393543 0.038899 0.043046
1 0.725505 0.559368 0.037431 0.044024
1 0.653578 0.583663 0.025688 0.033263
1 0.612844 0.591978 0.032294 0.044024
1 0.869358 0.088961 0.024220 0.035219
1 0.816881 0.102168 0.033761 0.036198
1 0.758899 0.072330 0.027890 0.025436
1 0.769174 0.109017 0.042569 0.020545
1 0.658349 0.107549 0.041101 0.023480
1 0.667890 0.159400 0.038165 0.041089
1 0.699939 0.310060 0.022018 0.035219
1 0.652966 0.360444 0.032294 0.044024
1 0.563425 0.325061 0.026422 0.031306
1 0.538471 0.399902 0.039633 0.042068
1 0.482691 0.493984 0.020550 0.043046
1 0.512049 0.634209 0.029358 0.046959
1 0.566361 0.837372 0.014679 0.033263