0 0.890520 0.038886 0.099083 0.077772
0 0.896024 0.124278 0.095413 0.093013
0 0.429969 0.052348 0.051376 0.104696
1 0.615290 0.096130 0.033028 0.051402
1 0.505199 0.023923 0.029358 0.039163
1 0.582263 0.025146 0.033028 0.036715
1 0.783180 0.090010 0.023853 0.058745
1 0.818960 0.098577 0.022018 0.124833
1 0.368501 0.030042 0.053211 0.036715
1 0.351988 0.123054 0.045872 0.036715
1 0.218043 0.125502 0.053211 0.070983
1 0.183180 0.202605 0.023853 0.068536
1 0.213456 0.291946 0.055046 0.070983
1 0.428135 0.224634 0.044037 0.073431
1 0.385933 0.289498 0.062385 0.061192
1 0.554740 0.252782 0.029358 0.046506
1 0.692355 0.273588 0.025688 0.102803
1 0.830887 0.296841 0.075229 0.061192
1 0.765749 0.349467 0.036697 0.039163
1 0.876758 0.388630 0.034862 0.058745
1 0.660245 0.457165 0.027523 0.048954
1 0.605199 0.413107 0.027523 0.132176
1 0.336391 0.378839 0.047706 0.048954
1 0.410703 0.367824 0.108257 0.041611
1 0.527217 0.432688 0.044037 0.068536
1 0.357492 0.534268 0.034862 0.051402
1 0.523547 0.566088 0.055046 0.046506
1 0.429969 0.552626 0.058716 0.073431
1 0.740979 0.611370 0.104587 0.063640
1 0.742813 0.721517 0.034862 0.048954
1 0.796942 0.730084 0.022018 0.061192
1 0.494190 0.632176 0.033028 0.066088
1 0.377676 0.597908 0.031193 0.046506
1 0.457492 0.676234 0.040367 0.051402
1 0.576758 0.704383 0.044037 0.053849
1 0.632722 0.721517 0.038532 0.078326
1 0.668501 0.794948 0.036697 0.068536
1 0.573089 0.783933 0.139450 0.061192
1 0.440979 0.755785 0.117431 0.068536
1 0.406116 0.670115 0.025688 0.044059
1 0.340979 0.623609 0.027523 0.044059
1 0.350153 0.697040 0.056881 0.122385
1 0.783180 0.796172 0.042202 0.119937