0 0.298777 0.091234 0.089908 0.090565
0 0.311621 0.208724 0.075229 0.129728
0 0.753823 0.046229 0.053211 0.092458
1 0.496942 0.167113 0.034862 0.070983
1 0.644648 0.038609 0.033028 0.044059
1 0.683180 0.022976 0.022018 0.045952
1 0.458410 0.087563 0.023853 0.044059
1 0.373089 0.132845 0.025688 0.041611
1 0.248318 0.229529 0.033028 0.063640
1 0.228135 0.153651 0.058716 0.029372
1 0.049235 0.245439 0.049541 0.036715
1 0.052905 0.321318 0.049541 0.066088
1 0.123547 0.446151 0.040367 0.046506
1 0.256575 0.354362 0.042202 0.078326
1 0.818960 0.318870 0.025688 0.090565
1 0.707034 0.349467 0.058716 0.058745
1 0.747401 0.250335 0.055046 0.046506
1 0.612538 0.307856 0.064220 0.063640
1 0.480428 0.373943 0.045872 0.068536
1 0.367584 0.418002 0.058716 0.073431
1 0.337309 0.512238 0.060550 0.031820
1 0.396942 0.572207 0.044037 0.044059
1 0.447401 0.611370 0.056881 0.058745
1 0.518043 0.588117 0.029358 0.056297
1 0.570336 0.486538 0.038532 0.078326
1 0.586850 0.574655 0.049541 0.073431
1 0.641896 0.531820 0.049541 0.090565
1 0.773089 0.650533 0.040367 0.053849
1 0.727217 0.662772 0.036697 0.088117
1 0.351070 0.594236 0.047706 0.068536
1 0.316208 0.635847 0.051376 0.053849
1 0.118960 0.539163 0.045872 0.051402
1 0.165749 0.624833 0.058716 0.075879
1 0.543731 0.757008 0.029358 0.046506
1 0.464832 0.772918 0.033028 0.058745
1 0.436391 0.794948 0.023853 0.058745
1 0.384098 0.823096 0.029358 0.085669
1 0.844648 0.752113 0.044037 0.066088
1 0.791437 0.779038 0.040367 0.046506
1 0.696024 0.847573 0.047706 0.046506
1 0.538226 0.820649 0.033028 0.026925
1 0.425382 0.873274 0.038532 0.039163
1 0.396024 0.935690 0.053211 0.041611
1 0.469419 0.923452 0.042202 0.041611
1 0.521713 0.911213 0.036697 0.046506
1 0.629969 0.865931 0.025688 0.063640
1 0.613456 0.969958 0.058716 0.041611
1 0.744648 0.907542 0.038532 0.029372
1 0.707034 0.933243 0.055046 0.036715
1 0.851988 0.851245 0.055046 0.112594
1 0.418043 0.974854 0.097248 0.036715