0 0.179912 0.470490 0.044353 0.047881
0 0.073235 0.529578 0.045118 0.047881
0 0.122559 0.547915 0.042824 0.068256
0 0.186029 0.650299 0.047412 0.073350
0 0.124725 0.782226 0.049706 0.056031
0 0.312843 0.723648 0.045118 0.061125
0 0.367137 0.650808 0.039000 0.053993
0 0.433030 0.816524 0.048941 0.064181
0 0.423471 0.943358 0.052765 0.048900
0 0.509883 0.971679 0.043588 0.056642
0 0.522373 0.860670 0.031353 0.084556
0 0.473049 0.664561 0.032118 0.073350
0 0.492167 0.731798 0.045882 0.069275
0 0.507079 0.648261 0.034412 0.079462
0 0.544549 0.664561 0.025235 0.085575
0 0.538049 0.751664 0.036706 0.086593
0 0.620383 0.666186 0.047412 0.087758
0 0.605853 0.760493 0.039765 0.074368
0 0.615030 0.858802 0.041294 0.087612
0 0.733559 0.719743 0.038235 0.074368
0 0.721324 0.802771 0.044353 0.061125
0 0.773324 0.811940 0.032118 0.069275
1 0.248207 0.470416 0.040377 0.031296
1 0.311708 0.503178 0.027897 0.042054
1 0.257384 0.373594 0.041111 0.103667
1 0.389892 0.487042 0.021289 0.041076
1 0.412754 0.346478 0.019294 0.022569
1 0.396990 0.379391 0.019765 0.031973
1 0.402637 0.419200 0.018824 0.031346
1 0.450637 0.362778 0.016941 0.031346
1 0.458166 0.402274 0.028235 0.021315
1 0.441696 0.435814 0.024471 0.030719
1 0.447107 0.510940 0.016471 0.040123
1 0.655108 0.508537 0.010824 0.035734
1 0.648990 0.562452 0.012706 0.028211
1 0.611578 0.574363 0.011294 0.029465
1 0.618402 0.499760 0.038118 0.094665
1 0.576049 0.669864 0.015529 0.026958
1 0.566166 0.714062 0.018353 0.027584
1 0.629696 0.737885 0.011765 0.032600
1 0.814402 0.724197 0.014118 0.028211
1 0.780520 0.748960 0.019765 0.037615
1 0.799578 0.888346 0.010824 0.030092
1 0.706872 0.852925 0.018353 0.026958
1 0.735343 0.863582 0.012235 0.036988
1 0.732755 0.918124 0.017412 0.025704
1 0.794167 0.940380 0.018824 0.028838
1 0.654167 0.893047 0.020235 0.040750
1 0.723343 0.992132 0.017412 0.015736
1 0.550166 0.860134 0.022118 0.022569
1 0.325460 0.783650 0.018824 0.022569
1 0.365931 0.928782 0.013176 0.028211
1 0.233859 0.746808 0.019576 0.039120
1 0.193176 0.744363 0.020188 0.040750
1 0.141788 0.708096 0.028753 0.038305
1 0.215200 0.924070 0.009176 0.033415
1 0.308494 0.965634 0.009788 0.033415
1 0.227741 0.587069 0.026918 0.029340
1 0.161976 0.559359 0.018965 0.032600