1 0.117125 0.384958 0.034862 0.051402
1 0.113456 0.446151 0.038532 0.041611
0 0.801529 0.293169 0.049541 0.127280
0 0.787768 0.192814 0.099083 0.073431
0 0.362997 0.290722 0.078899 0.058745
0 0.366667 0.382510 0.071560 0.110146
1 0.428135 0.342123 0.033028 0.044059
1 0.545566 0.381287 0.040367 0.083222
1 0.505199 0.321318 0.022018 0.041611
1 0.690520 0.298065 0.022018 0.044059
1 0.732722 0.299289 0.011009 0.075879
1 0.840061 0.535492 0.034862 0.053849
1 0.781346 0.486538 0.045872 0.058745
1 0.741896 0.558745 0.029358 0.061192
1 0.648318 0.509791 0.040367 0.041611
1 0.527217 0.531820 0.033028 0.056297
1 0.403364 0.564864 0.031193 0.063640
1 0.306116 0.410659 0.031193 0.063640
1 0.283180 0.339676 0.036697 0.058745
1 0.174924 0.556297 0.033028 0.031820
1 0.304281 0.501224 0.027523 0.029372
1 0.377676 0.635847 0.031193 0.034268
1 0.165749 0.630952 0.036697 0.058745
1 0.204281 0.700711 0.062385 0.036715
1 0.346483 0.721517 0.027523 0.034268
1 0.381346 0.705607 0.049541 0.061192
1 0.429969 0.690921 0.044037 0.046506
1 0.463914 0.719069 0.053211 0.048954
1 0.538226 0.703159 0.029358 0.080774
1 0.595107 0.665220 0.044037 0.117490
1 0.662997 0.675010 0.033028 0.073431
1 0.737309 0.810858 0.027523 0.036715
1 0.778593 0.792500 0.029358 0.053849
1 0.550153 0.846349 0.031193 0.034268
1 0.476758 0.856140 0.034862 0.063640
1 0.448318 0.863483 0.051376 0.029372
1 0.401529 0.863483 0.027523 0.058745
1 0.549235 0.900199 0.033028 0.044059
1 0.524465 0.967511 0.023853 0.041611
1 0.475841 0.973630 0.022018 0.044059
1 0.424465 0.924676 0.033028 0.029372
1 0.398777 0.966287 0.033028 0.039163
1 0.637309 0.943034 0.055046 0.036715
1 0.685015 0.938138 0.033028 0.066088
1 0.737309 0.981919 0.034862 0.036161
1 0.788685 0.897751 0.023853 0.039163
1 0.840061 0.881841 0.034862 0.026925
1 0.855657 0.949153 0.102752 0.093013