1 0.227217 0.027871 0.042202 0.055742
1 0.265749 0.174456 0.023853 0.066088
1 0.242813 0.256454 0.022018 0.048954
1 0.274006 0.354362 0.025688 0.058745
1 0.431804 0.438808 0.040367 0.066088
1 0.433639 0.160994 0.044037 0.063640
1 0.450153 0.043504 0.047706 0.034268
1 0.605199 0.024200 0.023853 0.048400
1 0.708868 0.031266 0.033028 0.048954
1 0.730887 0.118159 0.033028 0.046506
1 0.923547 0.088787 0.047706 0.061192
1 0.970336 0.099801 0.023853 0.102803
1 0.488685 0.343347 0.044037 0.046506
1 0.477676 0.425345 0.029358 0.073431
1 0.532722 0.425345 0.014679 0.093013
1 0.572171 0.477971 0.042202 0.056297
1 0.660245 0.490209 0.034862 0.085669
1 0.736391 0.460837 0.033028 0.163996
1 0.796942 0.511015 0.036697 0.083222
1 0.922630 0.386182 0.038532 0.034268
1 0.825382 0.301736 0.027523 0.085669
1 0.978593 0.331109 0.033028 0.061192
1 0.685933 0.296841 0.045872 0.036715
1 0.541896 0.260125 0.047706 0.041611
1 0.460245 0.624833 0.020183 0.046506
1 0.519878 0.623609 0.033028 0.078326
1 0.561162 0.637071 0.023853 0.080774
1 0.643731 0.652981 0.042202 0.044059
1 0.862079 0.679906 0.031193 0.044059
1 0.919878 0.677458 0.025688 0.068536
1 0.625382 0.712950 0.027523 0.026925
1 0.478593 0.701935 0.038532 0.029372
1 0.453823 0.723964 0.040367 0.024477
1 0.525382 0.771695 0.029358 0.036715
1 0.585933 0.770471 0.022018 0.048954
1 0.721713 0.805962 0.036697 0.031820
1 0.782263 0.808410 0.029358 0.031820
1 0.905199 0.816977 0.033028 0.034268
1 0.966667 0.809634 0.042202 0.039163
1 0.951070 0.887960 0.044037 0.117490
1 0.832722 0.895303 0.023853 0.063640
1 0.787768 0.896527 0.025688 0.075879
1 0.728135 0.889184 0.038532 0.061192
1 0.680428 0.886736 0.042202 0.061192
1 0.620795 0.885513 0.033028 0.083222
1 0.576758 0.863483 0.036697 0.068536
1 0.516208 0.861036 0.025688 0.029372
1 0.464832 0.803515 0.066055 0.105251
0 0.534557 0.068258 0.077064 0.136516