0 0.773845 0.466914 0.049139 0.029971
0 0.702505 0.427084 0.060387 0.029182
0 0.712866 0.483871 0.062163 0.035492
0 0.556570 0.461787 0.059795 0.051266
0 0.558346 0.521334 0.064531 0.052055
0 0.598308 0.587586 0.052099 0.053632
0 0.470725 0.500039 0.050323 0.052055
0 0.420699 0.512659 0.048547 0.047322
0 0.388137 0.538292 0.044994 0.060730
0 0.436091 0.569446 0.061571 0.058364
0 0.490854 0.563925 0.047955 0.059942
0 0.496183 0.647133 0.050323 0.068617
0 0.522528 0.733891 0.048547 0.054421
0 0.385177 0.669611 0.055651 0.072561
0 0.406194 0.760312 0.058611 0.064674
0 0.215390 0.680576 0.038142 0.039282
0 0.272099 0.598233 0.041442 0.032337
0 0.021689 0.577727 0.043377 0.038647
0 0.061730 0.691695 0.044994 0.052055
0 0.032129 0.823409 0.063939 0.064674
1 0.551814 0.331432 0.018353 0.026487
1 0.559844 0.373200 0.019118 0.022412
1 0.518932 0.403253 0.022941 0.019356
1 0.510138 0.349769 0.069588 0.067237
1 0.227196 0.365560 0.026765 0.019356
1 0.223373 0.396631 0.028294 0.014262
1 0.240578 0.422100 0.032118 0.012225
1 0.240961 0.469981 0.037471 0.034637
1 0.328137 0.463869 0.054294 0.042787
1 0.292196 0.407838 0.020647 0.020375
1 0.299079 0.378803 0.023706 0.023431
1 0.279196 0.354863 0.026765 0.016300
1 0.162196 0.522956 0.023706 0.030562
1 0.261226 0.705311 0.027529 0.020375
1 0.533844 0.632471 0.032882 0.045844
1 0.507461 0.484753 0.018353 0.045844
1 0.513961 0.539765 0.034412 0.053993
1 0.659638 0.596305 0.021412 0.034637
1 0.712275 0.529578 0.020647 0.037694
1 0.743246 0.524484 0.019882 0.025469
1 0.750510 0.561668 0.022176 0.026487
1 0.765805 0.627377 0.017588 0.035656
1 0.845716 0.595796 0.026000 0.043806
1 0.836540 0.542312 0.026000 0.028525
1 0.828128 0.508693 0.030588 0.042787
1 0.759305 0.415988 0.021412 0.032600
1 0.799069 0.389500 0.027529 0.024450
1 0.591579 0.500034 0.021412 0.023431
1 0.342284 0.775774 0.021412 0.021394
1 0.354137 0.823146 0.020647 0.030562
1 0.283020 0.829258 0.019118 0.050937
1 0.162578 0.861349 0.032118 0.027506
1 0.092353 0.758456 0.023706 0.037694
1 0.149706 0.740118 0.043588 0.021394
1 0.085088 0.636206 0.027529 0.023431
1 0.009662 0.653525 0.019323 0.025469
1 0.026970 0.764059 0.021412 0.028525
1 0.070176 0.546557 0.019118 0.027506
1 0.060617 0.468113 0.062706 0.076406