1 0.376758 0.942688 0.077064 0.085603
1 0.387768 0.876651 0.040367 0.046470
1 0.447401 0.879097 0.042202 0.066036
1 0.485015 0.755585 0.029358 0.048916
1 0.571254 0.745802 0.025688 0.048916
1 0.533639 0.618621 0.016514 0.048916
1 0.420136 0.482949 0.022583 0.043272
1 0.497060 0.529983 0.019290 0.033238
1 0.552576 0.442813 0.021171 0.047034
1 0.578844 0.384490 0.026347 0.047034
1 0.480750 0.286659 0.028699 0.028221
1 0.388536 0.307040 0.031522 0.035119
1 0.318670 0.329930 0.020701 0.013170
1 0.224104 0.355643 0.030111 0.014424
1 0.169529 0.359719 0.026347 0.022577
1 0.174939 0.406753 0.029640 0.023831
1 0.181761 0.487548 0.020701 0.025712
1 0.205756 0.575345 0.015996 0.028221
1 0.277268 0.522980 0.024465 0.036373
1 0.496589 0.890998 0.018349 0.033238
1 0.511880 0.944304 0.021642 0.031983
1 0.564024 0.934897 0.024935 0.043272
1 0.551321 0.873125 0.025876 0.037628
1 0.657728 0.897479 0.021642 0.023204
1 0.705716 0.877411 0.021642 0.028221
1 0.691367 0.821283 0.029640 0.045153
1 0.647848 0.840724 0.023524 0.038882
1 0.733004 0.783342 0.027288 0.025712
1 0.780993 0.760765 0.028229 0.040763
1 0.732298 0.700561 0.023994 0.030729
1 0.693954 0.718434 0.019760 0.035119
1 0.816514 0.679344 0.018349 0.026339
1 0.808986 0.803201 0.069160 0.075882
1 0.781698 0.561967 0.022112 0.043272
1 0.469249 0.688685 0.029222 0.032611
1 0.334353 0.799199 0.025824 0.025364
1 0.605052 0.784705 0.019028 0.036234
1 0.657153 0.590552 0.021747 0.038046
1 0.700985 0.580588 0.029222 0.039857
1 0.682977 0.223533 0.021747 0.022646
1 0.702684 0.265655 0.031261 0.030799
1 0.686714 0.416025 0.021067 0.050727
1 0.735984 0.372545 0.029901 0.043481
1 0.774946 0.434142 0.029901 0.038046
1 0.820478 0.419649 0.028542 0.043481
1 0.861253 0.392926 0.029901 0.035328
1 0.894212 0.382056 0.019708 0.031705
1 0.799185 0.185034 0.039416 0.028987
1 0.816514 0.218551 0.034659 0.028987
1 0.872919 0.199075 0.023785 0.037140
1 0.921848 0.185940 0.022426 0.027175
1 0.986578 0.387491 0.026843 0.037140
1 0.979613 0.353069 0.033299 0.029893