1 0.199414 0.595413 0.017584 0.028534
1 0.200561 0.492486 0.024465 0.042801
1 0.223114 0.404506 0.023700 0.036687
1 0.234200 0.344380 0.021407 0.034649
1 0.282365 0.371386 0.018349 0.017324
1 0.372961 0.386163 0.019113 0.016305
1 0.450051 0.396353 0.022936 0.036687
1 0.535678 0.401449 0.022936 0.030572
1 0.737640 0.425397 0.032875 0.027515
1 0.742992 0.480937 0.031346 0.030572
1 0.854613 0.434569 0.032875 0.029553
1 0.856906 0.474313 0.025229 0.029553
1 0.918833 0.486032 0.026758 0.032611
1 0.964322 0.490109 0.025994 0.024458
1 0.961264 0.736725 0.038226 0.046878
1 0.961646 0.695962 0.051223 0.032611
1 0.880224 0.685772 0.019878 0.020382
1 0.843145 0.679657 0.020642 0.024458
1 0.806065 0.688829 0.018349 0.046878
1 0.753313 0.683733 0.025994 0.040763
1 0.743374 0.605264 0.027523 0.044839
1 0.683359 0.627684 0.025229 0.044839
1 0.721203 0.821819 0.022936 0.041782
1 0.639781 0.819271 0.025229 0.046878
1 0.597350 0.808061 0.032110 0.048916
1 0.589577 0.552102 0.038991 0.035668
1 0.548293 0.603566 0.042049 0.057068
1 0.424185 0.596942 0.028287 0.049935
1 0.280454 0.577070 0.040520 0.044839
1 0.403160 0.838124 0.021407 0.029553
1 0.397426 0.910988 0.025229 0.030572
1 0.239934 0.889078 0.035933 0.031591
1 0.471203 0.947165 0.024465 0.043820
1 0.493756 0.991671 0.017584 0.016658
1 0.475025 0.790227 0.015291 0.039744
1 0.474898 0.669296 0.028287 0.035668
1 0.585882 0.960413 0.021407 0.041782
1 0.629077 0.963470 0.020642 0.039744
1 0.708206 0.959394 0.033639 0.060126